0.0 0.0 0.0
0.00393700787402 0.00393700787402 0.00393700787402
0.00787401574803 0.00787401574803 0.00787401574803
0.011811023622 0.011811023622 0.011811023622
0.0157480314961 0.0157480314961 0.0157480314961
0.0196850393701 0.0196850393701 0.0196850393701
0.0236220472441 0.0236220472441 0.0236220472441
0.0275590551181 0.0275590551181 0.0275590551181
0.0314960629921 0.0314960629921 0.0314960629921
0.0354330708661 0.0354330708661 0.0354330708661
0.0393700787402 0.0393700787402 0.0393700787402
0.0433070866142 0.0433070866142 0.0433070866142
0.0472440944882 0.0472440944882 0.0472440944882
0.0511811023622 0.0511811023622 0.0511811023622
0.0551181102362 0.0551181102362 0.0551181102362
0.0590551181102 0.0590551181102 0.0590551181102
0.0629921259843 0.0629921259843 0.0629921259843
0.0669291338583 0.0669291338583 0.0669291338583
0.0708661417323 0.0708661417323 0.0708661417323
0.0748031496063 0.0748031496063 0.0748031496063
0.0787401574803 0.0787401574803 0.0787401574803
0.0826771653543 0.0826771653543 0.0826771653543
0.0866141732283 0.0866141732283 0.0866141732283
0.0905511811024 0.0905511811024 0.0905511811024
0.0944881889764 0.0944881889764 0.0944881889764
0.0984251968504 0.0984251968504 0.0984251968504
0.102362204724 0.102362204724 0.102362204724
0.106299212598 0.106299212598 0.106299212598
0.110236220472 0.110236220472 0.110236220472
0.114173228346 0.114173228346 0.114173228346
0.11811023622 0.11811023622 0.11811023622
0.122047244094 0.122047244094 0.122047244094
0.125984251969 0.125984251969 0.125984251969
0.129921259843 0.129921259843 0.129921259843
0.133858267717 0.133858267717 0.133858267717
0.137795275591 0.137795275591 0.137795275591
0.141732283465 0.141732283465 0.141732283465
0.145669291339 0.145669291339 0.145669291339
0.149606299213 0.149606299213 0.149606299213
0.153543307087 0.153543307087 0.153543307087
0.157480314961 0.157480314961 0.157480314961
0.161417322835 0.161417322835 0.161417322835
0.165354330709 0.165354330709 0.165354330709
0.169291338583 0.169291338583 0.169291338583
0.173228346457 0.173228346457 0.173228346457
0.177165354331 0.177165354331 0.177165354331
0.181102362205 0.181102362205 0.181102362205
0.185039370079 0.185039370079 0.185039370079
0.188976377953 0.188976377953 0.188976377953
0.192913385827 0.192913385827 0.192913385827
0.196850393701 0.196850393701 0.196850393701
0.200787401575 0.200787401575 0.200787401575
0.204724409449 0.204724409449 0.204724409449
0.208661417323 0.208661417323 0.208661417323
0.212598425197 0.212598425197 0.212598425197
0.216535433071 0.216535433071 0.216535433071
0.220472440945 0.220472440945 0.220472440945
0.224409448819 0.224409448819 0.224409448819
0.228346456693 0.228346456693 0.228346456693
0.232283464567 0.232283464567 0.232283464567
0.236220472441 0.236220472441 0.236220472441
0.240157480315 0.240157480315 0.240157480315
0.244094488189 0.244094488189 0.244094488189
0.248031496063 0.248031496063 0.248031496063
0.251968503937 0.251968503937 0.251968503937
0.255905511811 0.255905511811 0.255905511811
0.259842519685 0.259842519685 0.259842519685
0.263779527559 0.263779527559 0.263779527559
0.267716535433 0.267716535433 0.267716535433
0.271653543307 0.271653543307 0.271653543307
0.275590551181 0.275590551181 0.275590551181
0.279527559055 0.279527559055 0.279527559055
0.283464566929 0.283464566929 0.283464566929
0.287401574803 0.287401574803 0.287401574803
0.291338582677 0.291338582677 0.291338582677
0.295275590551 0.295275590551 0.295275590551
0.299212598425 0.299212598425 0.299212598425
0.303149606299 0.303149606299 0.303149606299
0.307086614173 0.307086614173 0.307086614173
0.311023622047 0.311023622047 0.311023622047
0.314960629921 0.314960629921 0.314960629921
0.318897637795 0.318897637795 0.318897637795
0.322834645669 0.322834645669 0.322834645669
0.326771653543 0.326771653543 0.326771653543
0.330708661417 0.330708661417 0.330708661417
0.334645669291 0.334645669291 0.334645669291
0.338582677165 0.338582677165 0.338582677165
0.342519685039 0.342519685039 0.342519685039
0.346456692913 0.346456692913 0.346456692913
0.350393700787 0.350393700787 0.350393700787
0.354330708661 0.354330708661 0.354330708661
0.358267716535 0.358267716535 0.358267716535
0.362204724409 0.362204724409 0.362204724409
0.366141732283 0.366141732283 0.366141732283
0.370078740157 0.370078740157 0.370078740157
0.374015748031 0.374015748031 0.374015748031
0.377952755906 0.377952755906 0.377952755906
0.38188976378 0.38188976378 0.38188976378
0.385826771654 0.385826771654 0.385826771654
0.389763779528 0.389763779528 0.389763779528
0.393700787402 0.393700787402 0.393700787402
0.397637795276 0.397637795276 0.397637795276
0.40157480315 0.40157480315 0.40157480315
0.405511811024 0.405511811024 0.405511811024
0.409448818898 0.409448818898 0.409448818898
0.413385826772 0.413385826772 0.413385826772
0.417322834646 0.417322834646 0.417322834646
0.42125984252 0.42125984252 0.42125984252
0.425196850394 0.425196850394 0.425196850394
0.429133858268 0.429133858268 0.429133858268
0.433070866142 0.433070866142 0.433070866142
0.437007874016 0.437007874016 0.437007874016
0.44094488189 0.44094488189 0.44094488189
0.444881889764 0.444881889764 0.444881889764
0.448818897638 0.448818897638 0.448818897638
0.452755905512 0.452755905512 0.452755905512
0.456692913386 0.456692913386 0.456692913386
0.46062992126 0.46062992126 0.46062992126
0.464566929134 0.464566929134 0.464566929134
0.468503937008 0.468503937008 0.468503937008
0.472440944882 0.472440944882 0.472440944882
0.476377952756 0.476377952756 0.476377952756
0.48031496063 0.48031496063 0.48031496063
0.484251968504 0.484251968504 0.484251968504
0.488188976378 0.488188976378 0.488188976378
0.492125984252 0.492125984252 0.492125984252
0.496062992126 0.496062992126 0.496062992126
0.5 0.5 0.5
0.503937007874 0.503937007874 0.503937007874
0.507874015748 0.507874015748 0.507874015748
0.511811023622 0.511811023622 0.511811023622
0.515748031496 0.515748031496 0.515748031496
0.51968503937 0.51968503937 0.51968503937
0.523622047244 0.523622047244 0.523622047244
0.527559055118 0.527559055118 0.527559055118
0.531496062992 0.531496062992 0.531496062992
0.535433070866 0.535433070866 0.535433070866
0.53937007874 0.53937007874 0.53937007874
0.543307086614 0.543307086614 0.543307086614
0.547244094488 0.547244094488 0.547244094488
0.551181102362 0.551181102362 0.551181102362
0.555118110236 0.555118110236 0.555118110236
0.55905511811 0.55905511811 0.55905511811
0.562992125984 0.562992125984 0.562992125984
0.566929133858 0.566929133858 0.566929133858
0.570866141732 0.570866141732 0.570866141732
0.574803149606 0.574803149606 0.574803149606
0.57874015748 0.57874015748 0.57874015748
0.582677165354 0.582677165354 0.582677165354
0.586614173228 0.586614173228 0.586614173228
0.590551181102 0.590551181102 0.590551181102
0.594488188976 0.594488188976 0.594488188976
0.59842519685 0.59842519685 0.59842519685
0.602362204724 0.602362204724 0.602362204724
0.606299212598 0.606299212598 0.606299212598
0.610236220472 0.610236220472 0.610236220472
0.614173228346 0.614173228346 0.614173228346
0.61811023622 0.61811023622 0.61811023622
0.622047244094 0.622047244094 0.622047244094
0.625984251969 0.625984251969 0.625984251969
0.629921259843 0.629921259843 0.629921259843
0.633858267717 0.633858267717 0.633858267717
0.637795275591 0.637795275591 0.637795275591
0.641732283465 0.641732283465 0.641732283465
0.645669291339 0.645669291339 0.645669291339
0.649606299213 0.649606299213 0.649606299213
0.653543307087 0.653543307087 0.653543307087
0.657480314961 0.657480314961 0.657480314961
0.661417322835 0.661417322835 0.661417322835
0.665354330709 0.665354330709 0.665354330709
0.669291338583 0.669291338583 0.669291338583
0.673228346457 0.673228346457 0.673228346457
0.677165354331 0.677165354331 0.677165354331
0.681102362205 0.681102362205 0.681102362205
0.685039370079 0.685039370079 0.685039370079
0.688976377953 0.688976377953 0.688976377953
0.692913385827 0.692913385827 0.692913385827
0.696850393701 0.696850393701 0.696850393701
0.700787401575 0.700787401575 0.700787401575
0.704724409449 0.704724409449 0.704724409449
0.708661417323 0.708661417323 0.708661417323
0.712598425197 0.712598425197 0.712598425197
0.716535433071 0.716535433071 0.716535433071
0.720472440945 0.720472440945 0.720472440945
0.724409448819 0.724409448819 0.724409448819
0.728346456693 0.728346456693 0.728346456693
0.732283464567 0.732283464567 0.732283464567
0.736220472441 0.736220472441 0.736220472441
0.740157480315 0.740157480315 0.740157480315
0.744094488189 0.744094488189 0.744094488189
0.748031496063 0.748031496063 0.748031496063
0.751968503937 0.751968503937 0.751968503937
0.755905511811 0.755905511811 0.755905511811
0.759842519685 0.759842519685 0.759842519685
0.763779527559 0.763779527559 0.763779527559
0.767716535433 0.767716535433 0.767716535433
0.771653543307 0.771653543307 0.771653543307
0.775590551181 0.775590551181 0.775590551181
0.779527559055 0.779527559055 0.779527559055
0.783464566929 0.783464566929 0.783464566929
0.787401574803 0.787401574803 0.787401574803
0.791338582677 0.791338582677 0.791338582677
0.795275590551 0.795275590551 0.795275590551
0.799212598425 0.799212598425 0.799212598425
0.803149606299 0.803149606299 0.803149606299
0.807086614173 0.807086614173 0.807086614173
0.811023622047 0.811023622047 0.811023622047
0.814960629921 0.814960629921 0.814960629921
0.818897637795 0.818897637795 0.818897637795
0.822834645669 0.822834645669 0.822834645669
0.826771653543 0.826771653543 0.826771653543
0.830708661417 0.830708661417 0.830708661417
0.834645669291 0.834645669291 0.834645669291
0.838582677165 0.838582677165 0.838582677165
0.842519685039 0.842519685039 0.842519685039
0.846456692913 0.846456692913 0.846456692913
0.850393700787 0.850393700787 0.850393700787
0.854330708661 0.854330708661 0.854330708661
0.858267716535 0.858267716535 0.858267716535
0.862204724409 0.862204724409 0.862204724409
0.866141732283 0.866141732283 0.866141732283
0.870078740157 0.870078740157 0.870078740157
0.874015748031 0.874015748031 0.874015748031
0.877952755906 0.877952755906 0.877952755906
0.88188976378 0.88188976378 0.88188976378
0.885826771654 0.885826771654 0.885826771654
0.889763779528 0.889763779528 0.889763779528
0.893700787402 0.893700787402 0.893700787402
0.897637795276 0.897637795276 0.897637795276
0.90157480315 0.90157480315 0.90157480315
0.905511811024 0.905511811024 0.905511811024
0.909448818898 0.909448818898 0.909448818898
0.913385826772 0.913385826772 0.913385826772
0.917322834646 0.917322834646 0.917322834646
0.92125984252 0.92125984252 0.92125984252
0.925196850394 0.925196850394 0.925196850394
0.929133858268 0.929133858268 0.929133858268
0.933070866142 0.933070866142 0.933070866142
0.937007874016 0.937007874016 0.937007874016
0.94094488189 0.94094488189 0.94094488189
0.944881889764 0.944881889764 0.944881889764
0.948818897638 0.948818897638 0.948818897638
0.952755905512 0.952755905512 0.952755905512
0.956692913386 0.956692913386 0.956692913386
0.96062992126 0.96062992126 0.96062992126
0.964566929134 0.964566929134 0.964566929134
0.968503937008 0.968503937008 0.968503937008
0.972440944882 0.972440944882 0.972440944882
0.976377952756 0.976377952756 0.976377952756
0.98031496063 0.98031496063 0.98031496063
0.984251968504 0.984251968504 0.984251968504
0.988188976378 0.988188976378 0.988188976378
0.992125984252 0.992125984252 0.992125984252
0.996062992126 0.996062992126 0.996062992126
1.0 1.0 1.0
