   7.0000000e-01   0.0000000e+00   6.4000000e-01
   6.7500000e-01   0.0000000e+00   6.3642857e-01
   6.5000000e-01   0.0000000e+00   6.3285714e-01
   6.2500000e-01   0.0000000e+00   6.2928571e-01
   6.0000000e-01   0.0000000e+00   6.2571429e-01
   5.7500000e-01   0.0000000e+00   6.2214286e-01
   5.5000000e-01   0.0000000e+00   6.1857143e-01
   5.2500000e-01   0.0000000e+00   6.1500000e-01
   5.0000000e-01   0.0000000e+00   6.1142857e-01
   4.7500000e-01   0.0000000e+00   6.0785714e-01
   4.5000000e-01   0.0000000e+00   6.0428571e-01
   4.2500000e-01   0.0000000e+00   6.0071429e-01
   4.0000000e-01   0.0000000e+00   5.9714286e-01
   3.7500000e-01   0.0000000e+00   5.9357143e-01
   3.5000000e-01   0.0000000e+00   5.9000000e-01
   3.2500000e-01   0.0000000e+00   5.8642857e-01
   3.0000000e-01   0.0000000e+00   5.8285714e-01
   2.7500000e-01   0.0000000e+00   5.7928571e-01
   2.5000000e-01   0.0000000e+00   5.7571429e-01
   2.2500000e-01   0.0000000e+00   5.7214286e-01
   2.0000000e-01   0.0000000e+00   5.6857143e-01
   1.7500000e-01   0.0000000e+00   5.6500000e-01
   1.5000000e-01   0.0000000e+00   5.6142857e-01
   1.2500000e-01   0.0000000e+00   5.5785714e-01
   1.0000000e-01   0.0000000e+00   5.5428571e-01
   7.5000000e-02   0.0000000e+00   5.5071429e-01
   5.0000000e-02   0.0000000e+00   5.4714286e-01
   2.5000000e-02   0.0000000e+00   5.4357143e-01
   0.0000000e+00   0.0000000e+00   5.4000000e-01
   0.0000000e+00   0.0000000e+00   5.8000000e-01
   0.0000000e+00   0.0000000e+00   6.2000000e-01
   0.0000000e+00   0.0000000e+00   6.6000000e-01
   0.0000000e+00   0.0000000e+00   7.0000000e-01
   0.0000000e+00   0.0000000e+00   7.4000000e-01
   0.0000000e+00   0.0000000e+00   7.8000000e-01
   0.0000000e+00   0.0000000e+00   8.2000000e-01
   0.0000000e+00   0.0000000e+00   8.6000000e-01
   0.0000000e+00   0.0000000e+00   9.0000000e-01
   0.0000000e+00   0.0000000e+00   9.4000000e-01
   0.0000000e+00   0.0000000e+00   9.8000000e-01
   0.0000000e+00   4.0000000e-02   1.0000000e+00
   0.0000000e+00   8.0000000e-02   1.0000000e+00
   0.0000000e+00   1.2000000e-01   1.0000000e+00
   0.0000000e+00   1.6000000e-01   1.0000000e+00
   0.0000000e+00   2.0000000e-01   1.0000000e+00
   0.0000000e+00   2.4000000e-01   1.0000000e+00
   0.0000000e+00   2.8000000e-01   1.0000000e+00
   0.0000000e+00   3.2000000e-01   1.0000000e+00
   0.0000000e+00   3.6000000e-01   1.0000000e+00
   0.0000000e+00   4.0000000e-01   1.0000000e+00
   0.0000000e+00   4.4000000e-01   1.0000000e+00
   0.0000000e+00   4.8000000e-01   1.0000000e+00
   0.0000000e+00   5.2000000e-01   1.0000000e+00
   0.0000000e+00   5.6000000e-01   1.0000000e+00
   0.0000000e+00   6.0000000e-01   1.0000000e+00
   0.0000000e+00   6.4000000e-01   1.0000000e+00
   0.0000000e+00   6.8000000e-01   1.0000000e+00
   0.0000000e+00   7.2000000e-01   1.0000000e+00
   0.0000000e+00   7.6000000e-01   1.0000000e+00
   0.0000000e+00   8.0000000e-01   1.0000000e+00
   0.0000000e+00   8.4000000e-01   1.0000000e+00
   0.0000000e+00   8.8000000e-01   1.0000000e+00
   0.0000000e+00   9.2000000e-01   1.0000000e+00
   0.0000000e+00   9.6000000e-01   1.0000000e+00
   0.0000000e+00   1.0000000e+00   1.0000000e+00
   4.0000000e-02   1.0000000e+00   1.0000000e+00
   8.0000000e-02   1.0000000e+00   9.6000000e-01
   1.2000000e-01   1.0000000e+00   9.2000000e-01
   1.6000000e-01   1.0000000e+00   8.8000000e-01
   2.0000000e-01   1.0000000e+00   8.4000000e-01
   2.4000000e-01   1.0000000e+00   8.0000000e-01
   2.8000000e-01   1.0000000e+00   7.6000000e-01
   3.2000000e-01   1.0000000e+00   7.2000000e-01
   3.6000000e-01   1.0000000e+00   6.8000000e-01
   4.0000000e-01   1.0000000e+00   6.4000000e-01
   4.4000000e-01   1.0000000e+00   6.0000000e-01
   4.8000000e-01   1.0000000e+00   5.6000000e-01
   5.2000000e-01   1.0000000e+00   5.2000000e-01
   5.6000000e-01   1.0000000e+00   4.8000000e-01
   6.0000000e-01   1.0000000e+00   4.4000000e-01
   6.4000000e-01   1.0000000e+00   4.0000000e-01
   6.8000000e-01   1.0000000e+00   3.6000000e-01
   7.2000000e-01   1.0000000e+00   3.2000000e-01
   7.6000000e-01   1.0000000e+00   2.8000000e-01
   8.0000000e-01   1.0000000e+00   2.4000000e-01
   8.4000000e-01   1.0000000e+00   2.0000000e-01
   8.8000000e-01   1.0000000e+00   1.6000000e-01
   9.2000000e-01   1.0000000e+00   1.2000000e-01
   9.6000000e-01   1.0000000e+00   8.0000000e-02
   1.0000000e+00   1.0000000e+00   4.0000000e-02
   1.0000000e+00   1.0000000e+00   0.0000000e+00
   1.0000000e+00   9.6000000e-01   0.0000000e+00
   1.0000000e+00   9.2000000e-01   0.0000000e+00
   1.0000000e+00   8.8000000e-01   0.0000000e+00
   1.0000000e+00   8.4000000e-01   0.0000000e+00
   1.0000000e+00   8.0000000e-01   0.0000000e+00
   1.0000000e+00   7.6000000e-01   0.0000000e+00
   1.0000000e+00   7.2000000e-01   0.0000000e+00
   1.0000000e+00   6.8000000e-01   0.0000000e+00
   1.0000000e+00   6.4000000e-01   0.0000000e+00
   1.0000000e+00   6.0000000e-01   0.0000000e+00
   1.0000000e+00   5.6000000e-01   0.0000000e+00
   1.0000000e+00   5.2000000e-01   0.0000000e+00
   1.0000000e+00   4.8000000e-01   0.0000000e+00
   1.0000000e+00   4.4000000e-01   0.0000000e+00
   1.0000000e+00   4.0000000e-01   0.0000000e+00
   1.0000000e+00   3.6000000e-01   0.0000000e+00
   1.0000000e+00   3.2000000e-01   0.0000000e+00
   1.0000000e+00   2.8000000e-01   0.0000000e+00
   1.0000000e+00   2.4000000e-01   0.0000000e+00
   1.0000000e+00   2.0000000e-01   0.0000000e+00
   1.0000000e+00   1.6000000e-01   0.0000000e+00
   1.0000000e+00   1.2000000e-01   0.0000000e+00
   1.0000000e+00   8.0000000e-02   0.0000000e+00
   1.0000000e+00   4.0000000e-02   0.0000000e+00
   9.8000000e-01   0.0000000e+00   0.0000000e+00
   9.4000000e-01   0.0000000e+00   0.0000000e+00
   9.0000000e-01   0.0000000e+00   0.0000000e+00
   8.6000000e-01   0.0000000e+00   0.0000000e+00
   8.2000000e-01   0.0000000e+00   0.0000000e+00
   7.8000000e-01   0.0000000e+00   0.0000000e+00
   7.4000000e-01   0.0000000e+00   0.0000000e+00
   7.0000000e-01   0.0000000e+00   0.0000000e+00
   6.6000000e-01   0.0000000e+00   0.0000000e+00
   6.2000000e-01   0.0000000e+00   0.0000000e+00
   5.8000000e-01   0.0000000e+00   0.0000000e+00
   5.4000000e-01   0.0000000e+00   0.0000000e+00
   5.0000000e-01   0.0000000e+00   0.0000000e+00
